

10  1620256035564000000          0          20852466780                0 OI
12  1620256035564000000          0    76990834029807216                0 TO
 6  1620256036105000000     572400                 2500                0 SELL   0.04367575 BTC
12  1620256036164000000          0    76990834034174784                0 TO	Transaction in Satoshi(Fee excuded)
 6  1620256041426000000     572400                 5070                0 SELL   0.08857442 BTC
12  1620256041464000000          0    76990834043032224                0 TO
 4  1620256041973000000     572405                 1310                0 BUY    0.02288589 BTC
12  1620256042064000000          0    76990834045320800                0 TO
10  1620256042064000000          0          20852469400                0 OI    DIFF=2620	1310 * 2






6  1620256045696000000     572400                15000                0
12  1620256045764000000          0    76990834071526256                0
 4  1620256046420000000     572405                10000                0
12  1620256046464000000          0    76990834088996384                0
10  1620256046464000000          0          20852489400                0	DIFF=20000	10000 * 2



6  1620256048727000000     572400                   10                0
 6  1620256048729000000     572400                  110                0	
 6  1620256048730000000     572400                   10                0
 6  1620256048731000000     572400                   30                0
12  1620256048764000000          0    76990834089275904                0
10  1620256048764000000          0          20852489330                0
10  1620256048864000000          0          20852489300                0	DIFF=-100	(10+10+30)*2

 4  1620256049442000000     572405                 2000                0
12  1620256049464000000          0    76990834092769936                0
 6  1620256049465000000     572400                   10                0
 6  1620256049466000000     572400                  110                0
 6  1620256049466000000     572400                   10                0
 6  1620256049467000000     572400                   30                0
10  1620256049564000000          0          20852489200                0	DIFF=-100   (10+10+30)*2
12  1620256049564000000          0    76990834093049456                0

4  1620256053311000000     572405                 3280                0
 6  1620256053332000000     572400                   10                0
 6  1620256053347000000     572400                   40                0
 6  1620256053349000000     572400                  100                0
12  1620256053364000000          0    76990834099041696                0
10  1620256053364000000          0          20852495660                0	DIFF=6460	(3280*2) - (10+40)*2	

 6  1620256053477000000     572400                   10                0	
12  1620256053564000000          0    76990834099059168                0
10  1620256053564000000          0          20852495640                0	DIFF=-20 (10*2)


 4  1620256053663000000     572405                25000                0
 4  1620256053663000000     572405                  100                0
 4  1620256053663000000     572405               114530                0
 4  1620256053663000000     572405                 9720                0
 4  1620256053663000000     572405                  600                0
12  1620256053764000000          0    76990834361024016                0
10  1620256053764000000          0          20852265380                0        DIFF=-230260	-(114530*2+600*2)
 4  1620256056305000000     572410                 5150                0
 4  1620256056305000000     572410                 4850                0
12  1620256056364000000          0    76990834378493984                0
10  1620256056364000000          0          20852275080                0
 4  1620256061362000000     572410                  660                0
 4  1620256061362000000     572410                  620                0
 4  1620256061362000000     572410                25920                0
 4  1620256061362000000     572410                  130                0
10  1620256061464000000          0          20852277900                0
